\\psf\Home\GoogleDrive\NTU\104Spring\VFX\vfx\panorama\square\square01.jpg
852 1136

2 0 567.5 
0 2 425.5 
0 0 1 

0.998755 0.00667896 0.0494297 
-0.00667082 0.999978 -0.000330152 
-0.0494307 9.91636e-015 0.998778 

508.632

\\psf\Home\GoogleDrive\NTU\104Spring\VFX\vfx\panorama\square\square02.jpg
852 1136

2 0 567.5 
0 2 425.5 
0 0 1 

0.999605 0.00165161 0.0280589 
-0.0127593 0.916153 0.400627 
-0.0250445 -0.400826 0.915812 

509.075

\\psf\Home\GoogleDrive\NTU\104Spring\VFX\vfx\panorama\square\square03.jpg
852 1136

2 0 567.5 
0 2 425.5 
0 0 1 

0.999955 -0.00920792 0.00216457 
0.00516703 0.72342 0.690389 
-0.00792292 -0.690347 0.723435 

511.137

\\psf\Home\GoogleDrive\NTU\104Spring\VFX\vfx\panorama\square\square04.jpg
852 1136

2 0 567.5 
0 2 425.5 
0 0 1 

0.999929 -0.0068127 0.0097422 
-0.00615388 0.404522 0.914508 
-0.0101712 -0.914503 0.404451 

512.518

\\psf\Home\GoogleDrive\NTU\104Spring\VFX\vfx\panorama\square\square05.jpg
852 1136

2 0 567.5 
0 2 425.5 
0 0 1 

0.999948 0.000606507 -0.0101979 
0.0102115 -0.0297131 0.999506 
0.000303202 -0.999558 -0.0297177 

512.657

\\psf\Home\GoogleDrive\NTU\104Spring\VFX\vfx\panorama\square\square06.jpg
852 1136

2 0 567.5 
0 2 425.5 
0 0 1 

0.999699 -0.0163005 -0.0183223 
0.01191 -0.330395 0.943768 
-0.0214375 -0.943702 -0.330101 

512.541

\\psf\Home\GoogleDrive\NTU\104Spring\VFX\vfx\panorama\square\square00.jpg
852 1136

2 0 567.5 
0 2 425.5 
0 0 1 

0.997419 0.0159733 0.0700029 
0.0256921 0.830997 -0.555684 
-0.0670482 0.556048 0.828441 

509.071

